54681.00000,4.565590,19.23781
54691.00000,4.572229,19.25957
54701.00000,4.578994,19.28156
54711.00000,4.585882,19.30376
54721.00000,4.592890,19.32618
54731.00000,4.600023,19.34879
54741.00000,4.607274,19.37160
54751.00000,4.614646,19.39459
54761.00000,4.622138,19.41776
54771.00000,4.629747,19.44110
54781.00000,4.637474,19.46460
54791.00000,4.645317,19.48825
54801.00000,4.653275,19.51204
54811.00000,4.661348,19.53598
54821.00000,4.669533,19.56004
54831.00000,4.677832,19.58423
54840.99999,4.686240,19.60853
54850.99999,4.694759,19.63294
54860.99999,4.703387,19.65745
54870.99999,4.712122,19.68205
54880.99999,4.720965,19.70674
54890.99999,4.729913,19.73150
54900.99999,4.738965,19.75633
54910.99999,4.748121,19.78122
54920.99999,4.757378,19.80617
54930.99999,4.766737,19.83116
54940.99999,4.776196,19.85620
54950.99999,4.785753,19.88126
54960.99999,4.795408,19.90636
54970.99999,4.805158,19.93147
54980.99999,4.815005,19.95660
54990.99999,4.824945,19.98173
55000.99999,4.834978,20.00686
55010.99999,4.845104,20.03198
55020.99999,4.855318,20.05708
55030.99999,4.865623,20.08216
55040.99999,4.876015,20.10722
55050.99999,4.886495,20.13224
55060.99999,4.897061,20.15722
55070.99999,4.907710,20.18215
55080.99999,4.918444,20.20702
55090.99999,4.929260,20.23184
55100.99999,4.940156,20.25658
55110.99999,4.951133,20.28126
55120.99999,4.962188,20.30585
55130.99999,4.973322,20.33037
55140.99999,4.984531,20.35479
55150.99999,4.995815,20.37911
55160.99999,5.007174,20.40333
55170.99999,5.018605,20.42744
55180.99999,5.030109,20.45144
55190.99999,5.041682,20.47531
55200.99999,5.053326,20.49907
55210.99999,5.065038,20.52269
55220.99999,5.076816,20.54617
55230.99999,5.088661,20.56952
55240.99999,5.100570,20.59271
55250.99999,5.112543,20.61576
55260.99999,5.124579,20.63865
55270.99999,5.136675,20.66137
55280.99999,5.148833,20.68393
55290.99999,5.161049,20.70631
55300.99999,5.173322,20.72852
55310.99999,5.185654,20.75055
55320.99999,5.198040,20.77239
55330.99999,5.210481,20.79405
55340.99999,5.222976,20.81550
55350.99999,5.235522,20.83676
55360.99999,5.248120,20.85781
55370.99999,5.260767,20.87866
55380.99999,5.273465,20.89929
55390.99999,5.286209,20.91970
55400.99999,5.299000,20.93990
55410.99999,5.311836,20.95987
55420.99999,5.324717,20.97961
55430.99999,5.337641,20.99912
55440.99999,5.350607,21.01839
55450.99999,5.363615,21.03743
55460.99999,5.376662,21.05622
55470.99999,5.389748,21.07477
55480.99999,5.402872,21.09306
55490.99999,5.416032,21.11110
55500.99999,5.429228,21.12889
55510.99999,5.442459,21.14642
55520.99999,5.455722,21.16368
55530.99999,5.469018,21.18068
55540.99999,5.482345,21.19741
55550.99999,5.495702,21.21387
55560.99999,5.509088,21.23005
55570.99999,5.522501,21.24596
55580.99999,5.535942,21.26159
55590.99999,5.549409,21.27694
55600.99999,5.562900,21.29201
55610.99999,5.576414,21.30679
55620.99999,5.589951,21.32128
55630.99999,5.603510,21.33548
55640.99999,5.617088,21.34938
55650.99999,5.630687,21.36300
55660.99999,5.644303,21.37631
55670.99999,5.657936,21.38933
55680.99999,5.671586,21.40205
55690.99999,5.685251,21.41447
55700.99999,5.698930,21.42659
55710.99999,5.712622,21.43840
55720.99999,5.726325,21.44990
55730.99999,5.740040,21.46110
55740.99999,5.753765,21.47199
55750.99999,5.767498,21.48257
55760.99999,5.781240,21.49284
55770.99999,5.794988,21.50280
55780.99999,5.808742,21.51245
55790.99999,5.822501,21.52179
55800.99999,5.836263,21.53081
55810.99999,5.850029,21.53952
55820.99999,5.863796,21.54791
55830.99999,5.877564,21.55599
55840.99999,5.891332,21.56375
55850.99999,5.905099,21.57120
55860.99999,5.918864,21.57833
55870.99999,5.932625,21.58515
55880.99999,5.946382,21.59165
55890.99999,5.960134,21.59783
55900.99999,5.973881,21.60370
55910.99999,5.987620,21.60925
55920.99999,6.001351,21.61449
55930.99999,6.015074,21.61941
55940.99999,6.028787,21.62402
55950.99999,6.042489,21.62831
55960.99999,6.056179,21.63229
55970.99999,6.069857,21.63596
55980.99999,6.083521,21.63931
55990.99999,6.097171,21.64236
56000.99999,6.110805,21.64509
56010.99999,6.124424,21.64751
56020.99999,6.138025,21.64962
56030.99999,6.151608,21.65143
56040.99999,6.165172,21.65293
56050.99999,6.178717,21.65413
56060.99999,6.192241,21.65502
56070.99999,6.205743,21.65561
56080.99999,6.219223,21.65589
56090.99999,6.232680,21.65588
56100.99999,6.246112,21.65557
56110.99998,6.259520,21.65496
56120.99998,6.272902,21.65406
56130.99998,6.286257,21.65287
56140.99998,6.299585,21.65138
56150.99998,6.312885,21.64960
56160.99998,6.326155,21.64754
56170.99998,6.339396,21.64519
56180.99998,6.352606,21.64255
56190.99998,6.365785,21.63963
56200.99998,6.378931,21.63644
56210.99998,6.392045,21.63296
56220.99998,6.405124,21.62921
56230.99998,6.418170,21.62519
56240.99998,6.431179,21.62090
56250.99998,6.444153,21.61634
56260.99998,6.457090,21.61151
56270.99998,6.469989,21.60642
56280.99998,6.482850,21.60106
56290.99998,6.495672,21.59545
56300.99998,6.508454,21.58958
56310.99998,6.521196,21.58346
56320.99998,6.533897,21.57709
56330.99998,6.546555,21.57047
56340.99998,6.559171,21.56361
56350.99998,6.571744,21.55650
56360.99998,6.584273,21.54915
56370.99998,6.596757,21.54157
56380.99998,6.609195,21.53375
56390.99998,6.621588,21.52570
56400.99998,6.633934,21.51742
56410.99998,6.646233,21.50892
56420.99998,6.658483,21.50020
56430.99998,6.670685,21.49126
56440.99998,6.682838,21.48210
56450.99998,6.694940,21.47273
56460.99998,6.706993,21.46315
56470.99998,6.718993,21.45336
56480.99998,6.730943,21.44337
56490.99998,6.742839,21.43318
56500.99998,6.754683,21.42280
56510.99998,6.766473,21.41222
56520.99998,6.778209,21.40145
56530.99998,6.789890,21.39049
56540.99998,6.801515,21.37936
56550.99998,6.813085,21.36804
56560.99998,6.824598,21.35654
56570.99998,6.836054,21.34487
56580.99998,6.847452,21.33304
56590.99998,6.858791,21.32103
56600.99998,6.870072,21.30886
56610.99998,6.881294,21.29654
56620.99998,6.892455,21.28406
56630.99998,6.903557,21.27142
56640.99998,6.914596,21.25864
56650.99998,6.925575,21.24572
56660.99998,6.936491,21.23265
56670.99998,6.947345,21.21944
56680.99998,6.958135,21.20610
56690.99998,6.968862,21.19263
56700.99998,6.979525,21.17903
56710.99998,6.990123,21.16531
56720.99998,7.000655,21.15147
56730.99998,7.011122,21.13751
56740.99998,7.021523,21.12344
56750.99998,7.031857,21.10926
56760.99998,7.042123,21.09498
56770.99998,7.052323,21.08059
56780.99998,7.062453,21.06611
